<?xml version="1.0"?>
<opencv_storage>
<keypoints type_id="opencv-sequence">
  <flags>"untyped"</flags>
  <count>10</count>
  <dt>"6i"</dt>
  <data>
    1112760900 1123082970 -1 14 1126065130 1176557780 1124504520
    1124152797 -1 15 1134711108 1179564199 1124405471 1125513799 -1 15
    1132422918 1178371626 1124035146 1125794649 1 16 1132624102
    1176754545 1124993712 1125817843 1 15 1133190820 1177576993
    1130337120 1112840388 -1 21 1126533095 1181002985 1116334678
    1117694110 -1 20 1132427144 1181939468 1114149566 1124195140 1 21
    1129183804 1177209526 1123952329 1125656252 1 22 1132812597
    1177207845 1125170380 1128565051 1 32 1132502158 1179742277</data></keypoints>
<descriptor type_id="opencv-sequence">
  <flags>"untyped"</flags>
  <count>10</count>
  <dt>"128i"</dt>
  <data>
    -1189132497 998543979 -1164482789 990811933 -1175094074 994238131
    982454369 1008029387 -1140714778 1009067320 1022330486 1025803936
    -1129802067 1024423725 -1149168017 1017217839 958124501 999226812
    -1157759963 1009379492 991164567 1012378009 981209283 1018575036
    964849399 976100028 983904305 987294317 -1156998125 999925624
    -1189010509 988217922 1016884747 1020492123 -1130013892 1017738299
    1027133583 1027536396 -1124109282 1024094500 1044033057 1049885734
    1018742455 1045029815 1038346854 1049287322 -1136167703 1037856440
    -1110953245 1042166718 -1152189012 1038488459 1007157645 1051033354
    -1152426825 1049753905 1008847802 1009708067 1009689446 1022259529
    -1154419722 1035583344 -1135940391 1012299412 1015232061 1015790035
    -1130099895 1017383753 1023567877 1023567877 -1119354428 1028346211
    1036162742 1042329110 -1138592405 1036707529 993830041 1056178916
    -1115911882 1042307720 -1111988460 1044005411 1033551933 1045845233
    -1108344205 1044230336 1033364911 1040550479 -1153822397 1017121137
    1001672873 1014204153 984363286 1021856485 1008359418 1012318348
    998901809 998940327 -1164206569 983750376 1008710194 1008852279
    -1148030741 999472167 1016534002 1016534002 -1122744648 1024739000
    1020453970 1020453970 -1114684707 1032798941 1023305064 1030208586
    979910744 1003737489 1019875176 1022356916 -1164925757 1007561920
    -1170209746 981657700 -1160584242 993829090 -1170398028 995206803
    983277194 1000955472 1009725840 1015495443 -1187685424 991707614
    985429942 993326127 -1164621752 1002174075 -1123541926 1025544987
    -1144918452 1025873520 986025783 1015985212 1008185869 1032010911
    962775021 1007997075 1004132754 1020171245 -1145812798 1010501143
    -1139806155 1016769692 -1148252523 1000853069 1008071793 1008709481
    -1147647344 1000390616 987903583 988642070 -1132364354 1022444037
    1005332550 1019177636 -1138956094 1011737978 -1139100414 1018140560
    1044015855 1044754818 -1106825261 1043015091 1045665737 1048435606
    -1102433752 1046307378 -1121375926 1043921726 -1115141221 1044626402
    1035108435 1038920821 1020999761 1041346100 -1147641156 1002117448
    1017090174 1018510338 -1138675416 1009462406 991650048 995448887
    -1129471004 1019777979 998519028 999289164 -1148773614 1000019321
    1016708945 1017435641 1037221994 1041528690 1043947223 1048162767
    -1111699740 1044865653 -1119798214 1039133719 -1132632875 1053211397
    -1106006399 1048553832 1040231413 1044931733 -1113809947 1049253487
    -1148692286 1001300702 983747209 999817971 1004078215 1011792720
    1000818104 1002450225 -1140267577 1007216071 990041360 996824739
    -1157573540 989910108 1003437001 1004726124 -1133202238 1015338619
    994877733 995865302 -1158125786 999838818 1012433941 1013969109
    981083386 1008757645 1017890529 1028632487 -1132976973 1016298803
    -1127443765 1025609174 -1154409892 997821678 -1171467539 996064532
    -1144053403 1008282001 969400104 1002040027 948698221 974060879
    -1168601167 984178538 986386986 998910817 -1146020169 1002756176
    980731627 999151244 -1173925449 988099159 -1144882609 1026120904
    -1132220023 1016896570 -1165964668 1002413053 1026455975 1026870242
    -1124202719 1026010519 1008727581 1009232038 -1139511635 1008942375
    -1183674488 999675165 970642485 983472335 977388106 1002119433
    -1131304906 1019700159 1008357160 1009025439 993002938 1006231359
    1025401668 1025971596 1042916985 1050351051 997438530 1023013815
    1041611893 1042708363 1023540155 1025925675 -1098772395 1051307375
    1050055743 1050255311 -1110111597 1038399457 1038510626 1038867867
    -1125569137 1029368090 990853304 994173961 975711211 994976434
    1010200534 1010566452 -1132324968 1017142463 1028145231 1030846689
    -1121970297 1027821505 991574754 1008029003 -1125131750 1046565779
    -1119898892 1042710968 -1130274257 1027294417 -1104785816 1053444857
    1042520449 1044524112 -1130599807 1041573740 1024499048 1039018855
    -1111145966 1038137215 -1152840227 1013371159 -1130791687 1022632127
    984334532 999862453 -1134007608 1016075063 974020435 974421047
    965685830 975116275 986859207 990937318 -1178942864 969342007
    1015829733 1016192498 -1150896678 997820862 1026614787 1026730466
    -1139553503 1013698624 1021842917 1022093810 -1142371747 1006975548
    1030734859 1033190741 -1124767707 1024057843 991381757 996635537
    -1196560217 956899841 995527009 995753986 995934192 997346797
    965758842 973511050 922058407 966477001 -1169659911 983821100
    -1190566166 967080458 -1153798056 1012769155 999671414 1003112500
    -1165273095 1015472164 1004156004 1015496528 -1173068325 1025876580
    1025454997 1028156296 -1134490916 1015270964 1010239206 1011172614
    993205630 995042109 -1179125306 971251488 1001501164 1002277326
    -1176732470 1004280033 -1128220582 1024281871 -1130459798 1027169327
    968782372 1018925244 -1129673403 1025764231 -1111209511 1049715535
    -1122091196 1049617811 -1123496744 1042526342 -1111449837 1042733382
    -1127042609 1041680908 1051667303 1055430206 -1119561725 1028751249
    1008347992 1016949768 1025400899 1025988750 1018162152 1018804992
    -1162891899 995297010 959434952 975009916 1000240489 1007710730
    928194200 990630829 1016973198 1017578270 -1180406335 990253570
    1036161254 1036566745 -1136452697 1011442673 1048643348 1048681946
    -1114985394 1033815074 1039343747 1043954392 1030146353 1043267915
    1041929440 1050339823 -1111235632 1043632493 1017437464 1017809712
    1010998736 1012657520 1005792613 1012930057 954865083 973908708
    985161534 986187412 -1191917382 977998157 988964389 1009995451
    -1160488771 993997853 1013832104 1014480100 -1161113535 1008133674
    1026158163 1027618881 -1136927313 1017093989 980249541 985201485
    956568125 971999814 974424112 992312655 967563629 975272875
    -1202509682 961868038 -1224126611 928502956 950024634 950464115
    948945295 950554129 -1153738714 993744934 986135386 986815339
    -1147045719 1000437929 1009483515 1010546476 -1135258575 1015441895
    -1189459527 977312826 1000423143 1010696955 1024888962 1027030108
    -1168092486 994637788 -1181811410 974806909 1013390583 1016421257
    1002626886 1011870657 -1204743669 978019379 -1187477850 965277727
    989966618 990481089 981552537 986820531 -1166881194 995276466
    990290124 1000049308 -1132035085 1017470576 985364989 998231760
    -1128342018 1026772731 1035082410 1035116072 -1099105658 1048714253
    1038183587 1038284573 -1106553579 1042397291 1048934094 1049060325
    -1113227525 1045592897 1041837016 1042897358 1009872211 1018367092
    1018102122 1019398398 1008304370 1015588230 1012064753 1013714558
    -1128664144 1023861351 1002856552 1027840359 1007092306 1026877682
    1006847285 1018929598 1027466046 1047368092 -1103693810 1049514677
    1035275877 1037846622 1029743518 1041682016 1050635848 1053862799
    -1126712683 1044200176 1033316783 1034050217 -1136417305 1020900742
